4 0 0 .
9 1 1 G
17 0 0 .
24 1 1 A
38 1 1 C
44 1 1 G
51 1 1 G
58 1 1 C
61 1 1 T
65 7 0 .
74 0 0 .
82 0 0 .
89 1 1 T
93 1 1 A
100 1 1 C
102 0 0 .
108 0 0 .
115 1 1 A
122 3 6 GCACAT
130 1 1 T
136 1 1 G
149 3 0 .
157 1 0 .
163 0 1 C
169 0 0 .
182 0 8 GCACGGCA
187 1 1 G
192 1 1 A
195 1 1 C
209 1 2 CA
214 1 1 C
220 1 1 C
223 1 1 C
232 0 0 .
237 1 1 C
239 1 1 C
245 1 1 C
248 0 0 .
261 1 1 A
264 1 1 C
267 0 0 .
271 1 1 T
283 0 0 .
288 0 3 CTG
294 2 0 .
298 1 1 G
301 0 1 G
303 1 1 G
310 1 1 C
312 1 1 G
315 1 1 G
319 1 1 A
323 1 1 T
332 0 0 .
343 4 0 .
348 0 0 .
352 1 1 A
354 7 0 .
368 1 1 T
378 0 1 G
383 0 0 .
390 0 0 .
394 0 0 .
400 0 0 .
404 0 0 .
416 0 0 .
420 1 1 T
423 1 1 G
426 1 1 G
429 1 1 G
435 0 0 .
447 1 1 G
451 2 9 GTAGAAATC
458 1 1 G
460 1 0 .
473 1 1 T
479 0 0 .
483 1 1 C
486 0 0 .
490 5 3 AAA
501 1 1 C
508 1 1 A
511 8 0 .
525 0 0 .
531 1 1 T
534 1 1 G
538 0 0 .
540 0 0 .
545 0 0 .
551 1 1 A
556 1 1 T
562 1 1 A
569 1 1 A
573 0 1 G
580 1 1 T
583 1 1 C
585 7 0 .
597 1 1 T
614 1 1 G
621 0 0 .
626 1 1 C
633 1 1 T
640 0 0 .
645 1 1 C
649 1 1 T
655 1 1 C
662 0 0 .
668 0 0 .
672 0 0 .
679 1 1 C
684 1 1 G
687 1 1 G
694 1 1 T
700 1 0 .
714 1 1 A
720 1 1 G
726 0 0 .
730 1 1 T
733 0 0 .
735 0 0 .
740 1 1 C
746 0 0 .
751 1 0 .
763 0 0 .
768 1 1 G
773 0 0 .
775 1 1 C
781 0 0 .
785 1 1 A
792 1 1 A
799 1 1 T
803 1 1 G
808 1 1 G
815 0 0 .
821 1 1 G
825 1 1 G
828 1 1 C
835 1 1 A
841 1 1 G
847 1 1 G
849 1 1 G
855 1 1 C
860 1 1 C
864 0 0 .
869 1 1 A
873 1 1 C
878 1 1 T
892 1 1 T
896 0 0 .
901 1 1 A
908 1 1 A
915 1 1 T
921 6 0 .
928 1 1 T
931 1 1 T
944 1 1 A
950 1 1 G
955 9 0 .
966 10 5 GTGGG
980 1 1 C
986 1 1 G
988 1 1 C
994 0 1 A
999 0 0 .
1006 0 0 .
1013 1 1 G
1020 1 1 C
1024 1 0 .
1030 1 1 T
1036 1 1 C
1039 0 0 .
1053 1 0 .
1057 0 0 .
1062 0 0 .
1074 5 3 GTC
1084 1 1 A
1089 1 1 C
1095 0 0 .
1108 1 1 G
1115 6 0 .
1124 1 1 C
1127 1 1 G
1132 1 1 T
1134 1 1 A
1138 12 8 TCCTGGCG
1154 1 1 C
1157 1 1 C
1164 0 0 .
1169 2 0 .
1184 1 1 T
1199 0 0 .
1210 1 1 G
1216 8 9 CCTGCCTGC
1228 0 0 .
1233 1 1 C
1239 1 0 .
1247 0 0 .
1249 0 0 .
1255 1 1 A
1258 0 0 .
1265 0 0 .
1270 1 1 A
1272 1 0 .
1284 1 1 G
1286 1 1 A
1289 1 1 T
1294 1 1 A
1300 1 1 G
1313 0 0 .
1318 1 1 C
1324 1 1 A
1327 1 1 G
1330 1 1 C
1341 1 1 G
1348 0 0 .
1355 9 0 .
1370 1 1 C
1372 0 0 .
1381 1 1 C
1386 0 0 .
1400 0 0 .
1402 1 1 C
1408 8 7 ACGACCG
1417 1 1 A
1422 0 0 .
1424 1 1 T
1426 0 0 .
1438 1 1 C
1450 0 0 .
1456 1 1 T
1463 1 1 T
1469 1 1 C
1471 0 0 .
1476 4 0 .
1481 0 0 .
1486 0 0 .
1494 1 1 T
1496 1 1 C
1498 0 0 .
1516 1 1 C
1519 1 1 C
1522 0 0 .
1529 1 1 G
1545 0 4 TAAA
1553 1 1 A
1555 1 1 G
1557 0 0 .
1562 1 1 C
1565 1 1 C
1572 0 0 .
1579 0 9 AGCATCACT
1580 0 0 .
1585 0 0 .
1592 0 0 .
1596 0 0 .
1603 0 0 .
1610 1 1 A
1614 1 1 G
1619 1 1 T
1626 1 1 C
1631 1 0 .
1641 7 4 CTTA
1649 1 1 T
1652 0 0 .
1666 0 0 .
1671 1 1 A
1677 1 1 C
1681 1 1 G
1695 1 1 G
1700 1 0 .
1712 1 1 G
1714 6 0 .
1726 1 1 C
1732 1 1 G
1743 0 1 A
1747 1 0 .
1759 1 1 A
1766 1 1 G
1771 4 0 .
1779 1 1 G
1784 1 1 C
1790 0 5 CTTAT
1794 1 1 G
1796 0 9 CTGTTTTCT
1804 0 0 .
1819 1 1 T
1824 3 0 .
1829 0 0 .
1831 1 1 G
1834 1 1 T
1839 1 1 G
1845 1 1 G
1852 1 0 .
1864 1 1 G
1870 1 1 C
1872 1 1 C
1876 1 1 T
1879 1 1 A
1886 0 10 CATGCACGTT
1889 1 1 T
1892 1 1 G
1896 1 0 .
1908 1 0 .
1919 1 1 A
1922 1 1 C
1928 0 0 .
1934 0 0 .
1940 1 1 T
1943 0 0 .
1949 1 1 C
1959 6 0 .
1966 0 0 .
1984 1 1 G
1989 10 7 GAGTCAA
2002 0 0 .
2005 1 0 .
2010 0 4 GTGA
2019 1 1 T
2026 0 0 .
2028 0 0 .
2034 1 1 G
2039 0 0 .
2044 1 1 G
2046 8 0 .
2060 0 0 .
2063 1 1 T
2065 0 1 T
2068 1 0 .
2070 3 0 .
2074 1 1 T
2079 0 0 .
2086 1 1 G
2088 0 1 C
2092 0 0 .
2102 1 1 C
2115 1 0 .
2128 0 0 .
2134 1 1 G
2138 0 6 TTCTTT
2150 0 1 A
2155 1 1 T
2160 1 1 C
2167 1 1 C
2171 1 1 A
2178 0 0 .
2181 1 1 A
2188 1 1 C
2192 0 0 .
2195 1 1 A
2197 1 1 A
2204 1 1 T
2208 3 7 ACACAGA
2215 1 1 C
2220 1 1 G
2225 0 0 .
2229 1 1 T
2233 1 1 T
2236 1 1 G
2240 3 0 .
2250 1 1 T
2266 1 1 C
2272 1 0 .
2282 0 0 .
2287 1 1 A
2292 1 1 T
2298 0 0 .
2303 1 1 G
2310 0 0 .
2313 0 0 .
2324 1 0 .
2338 1 1 C
2346 0 0 .
2350 0 0 .
2353 1 1 A
2360 5 3 TGC
2370 1 1 C
2373 1 1 G
2380 1 0 .
2390 12 0 .
2403 0 0 .
2408 1 1 T
2413 1 1 T
2417 4 3 CCC
2423 1 1 G
2425 10 0 .
2439 0 0 .
2444 0 0 .
2449 0 1 A
2452 1 1 A
2456 0 0 .
2462 0 0 .
2466 1 1 G
2473 1 1 G
2483 1 1 G
2487 1 1 A
2493 8 2 TA
2506 1 1 A
2509 1 1 C
2514 0 0 .
2520 1 1 G
2526 1 1 C
2536 1 1 C
2541 3 10 ACGTTAGAAA
2550 12 7 CGTATTT
2567 1 1 T
2574 3 0 .
2581 0 0 .
2587 0 0 .
2597 1 1 T
2600 1 1 A
2607 1 0 .
2614 1 1 A
2619 1 1 A
2621 0 0 .
2633 1 1 G
2637 1 1 A
2641 1 0 .
2649 1 1 A
2651 1 1 G
2656 1 1 A
2660 1 1 T
2666 1 1 C
2673 1 1 T
2679 0 0 .
2689 0 0 .
2695 1 0 .
2713 0 0 .
2726 1 1 T
2738 1 1 T
2744 8 2 CT
2753 5 0 .
2761 1 1 G
2768 1 1 A
2775 1 1 C
2787 1 0 .
2799 1 1 T
2804 1 1 A
2808 1 0 .
2812 0 0 .
2814 1 1 C
2826 1 1 C
2830 1 1 A
2832 0 0 .
2839 0 0 .
2842 1 1 T
2846 1 1 T
2853 9 0 .
2863 11 6 CGATCG
2880 11 12 CCGTACATAGTC
2892 1 1 C
2906 4 0 .
2916 0 0 .
2919 0 0 .
2924 1 1 C
2933 1 1 T
2935 0 0 .
2940 1 1 A
2945 2 5 TATAG
2950 0 0 .
2959 1 1 T
2966 1 0 .
2980 1 1 T
2986 1 1 T
2991 0 0 .
2993 1 1 C
2996 1 1 C
3000 0 0 .
3003 0 0 .
3006 1 0 .
3013 1 1 A
3016 1 1 G
3024 12 0 .
3042 1 1 A
3049 1 1 T
3053 0 0 .
3057 1 0 .
3071 0 0 .
3078 1 1 G
3082 0 11 CATTGTTTAAT
3086 1 1 T
3092 1 1 T
3097 0 0 .
3100 0 0 .
3104 0 0 .
3111 11 0 .
3125 0 0 .
3127 0 0 .
3129 1 1 G
3134 0 0 .
3139 1 0 .
3150 1 1 A
3155 1 1 G
3161 6 0 .
3168 1 1 G
3175 1 1 T
3180 1 1 T
3187 0 0 .
3189 10 0 .
3205 1 1 T
3207 1 1 T
3214 1 1 G
3223 1 0 .
3237 0 0 .
3239 0 0 .
3249 1 1 A
3255 1 1 T
3257 0 0 .
3271 1 1 A
3282 0 0 .
3296 1 0 .
3300 1 1 G
3303 1 1 A
3310 0 11 AAGGCGTCTAA
3312 1 1 T
3319 1 1 T
3322 1 1 A
3324 1 1 A
3329 0 3 AAA
3331 1 0 .
3341 0 0 .
3357 11 0 .
3373 0 0 .
3377 1 1 G
3385 0 0 .
3392 1 1 G
3397 1 1 T
3402 1 0 .
3412 1 1 G
3418 1 1 C
3420 0 0 .
3427 1 1 G
3435 1 1 G
3442 0 0 .
3449 1 1 G
3456 1 1 C
3459 0 0 .
3463 1 1 T
3469 0 0 .
3473 8 0 .
3482 4 0 .
3493 1 1 A
3498 1 1 T
3501 1 1 A
3506 1 1 G
3517 10 0 .
3529 1 1 C
3536 0 0 .
3548 1 0 .
3557 0 0 .
3564 1 1 G
3568 1 1 T
3570 1 1 A
3575 4 12 GCTTACGTCCAT
3589 1 1 T
3596 1 1 C
3601 1 1 T
3608 0 0 .
3612 1 1 C
3615 1 0 .
3632 2 9 AATTAGCCA
3638 1 1 A
3642 1 1 A
3647 1 1 T
3652 0 0 .
3657 3 2 TG
3662 12 0 .
3677 1 1 T
3681 1 1 T
3688 1 1 C
3695 2 0 .
3701 4 11 TTGCTGTTAAA
3708 0 0 .
3721 1 1 A
3724 1 0 .
3734 0 0 .
3739 3 10 TCCGACCAAA
3743 4 0 .
3750 1 1 T
3754 1 1 A
3760 0 0 .
3762 1 1 A
3766 0 0 .
3770 1 1 T
3773 0 0 .
3775 0 0 .
3781 1 0 .
3798 0 11 AGTGAGATGCT
3799 0 0 .
3803 1 1 C
3810 0 0 .
3826 1 1 T
3832 1 1 G
3837 1 1 T
3851 1 1 C
3853 0 1 A
3858 1 1 G
3863 1 1 G
3869 6 0 .
3877 0 0 .
3882 0 0 .
3888 1 1 T
3899 1 1 G
3901 1 1 G
3906 1 1 A
3913 0 0 .
3929 1 1 G
3945 1 0 .
3955 0 0 .
3959 0 0 .
3963 1 1 A
3976 0 0 .
3979 1 0 .
3989 0 0 .
3995 1 1 T
4001 0 0 .
4007 0 0 .
4011 0 0 .
4017 1 1 A
4022 0 0 .
4024 1 1 T
4026 0 0 .
4041 0 0 .
4045 1 1 C
4052 1 1 T
4056 1 1 T
4060 0 0 .
4063 12 0 .
4081 1 1 G
4093 1 1 A
4096 1 1 A
4099 1 1 G
4102 10 0 .
4115 0 0 .
4117 7 2 CT
4125 0 0 .
4129 1 0 .
4138 0 0 .
4140 0 0 .
4142 0 11 GTTCTAGATGA
4148 0 0 .
4151 1 1 A
4158 1 1 T
4162 0 8 CTTTGACA
4172 1 0 .
4182 0 0 .
4189 12 6 CGCCAG
4206 0 0 .
4211 1 0 .
4224 0 0 .
4229 1 1 A
4232 1 1 A
4235 4 0 .
4242 0 0 .
4255 1 1 G
4259 0 0 .
4262 11 0 .
4279 1 1 T
4281 1 1 C
4285 6 3 CGT
4295 1 1 T
4299 1 1 T
4302 1 1 A
4304 1 1 T
4312 1 1 C
4326 1 1 C
4331 1 1 C
4338 1 0 .
4351 1 1 A
4356 0 0 .
4359 0 1 G
4362 1 1 A
4368 0 0 .
4373 1 1 C
4385 6 8 TCCCCCAG
4395 1 1 G
4402 1 1 G
4406 1 1 A
4413 1 1 G
4417 8 0 .
4430 1 1 G
4435 1 0 .
4449 1 0 .
4458 1 1 A
4460 1 1 A
4476 1 1 T
4482 0 0 .
4485 0 0 .
4488 1 1 C
4493 1 1 G
4499 1 1 C
4507 1 1 T
4509 0 0 .
4513 1 1 T
4520 0 0 .
4523 1 1 A
4530 1 1 T
4532 1 1 A
4542 1 1 C
4547 0 0 .
4555 0 0 .
4560 1 1 A
4562 0 0 .
4577 0 1 C
4584 1 1 T
4598 1 1 C
4603 1 1 C
4618 1 0 .
4633 1 1 A
4635 1 0 .
4643 1 1 T
4646 0 0 .
4653 0 8 TTCTAAGA
4658 1 1 G
4662 0 0 .
4676 1 1 G
4678 0 0 .
4683 1 1 A
4690 7 0 .
4703 0 0 .
4705 0 1 A
4712 3 0 .
4720 1 1 A
4725 1 1 C
4731 0 0 .
4738 0 0 .
4748 1 1 C
4752 1 1 T
4760 1 1 C
4767 5 1 A
4778 0 1 T
4786 0 1 G
4787 1 1 A
4789 1 1 A
4794 5 0 .
4803 8 9 GATTTACAC
4812 0 0 .
4819 2 12 ATCTGGTGCCCC
4827 0 0 .
4834 1 1 C
4840 1 1 T
4845 1 1 C
4852 0 1 G
4859 1 1 T
4866 10 0 .
4880 1 1 C
4884 0 0 .
4900 1 1 C
4912 1 1 T
4915 1 1 C
4919 1 1 G
4924 1 0 .
4932 0 0 .
4937 1 1 G
4942 1 1 C
4950 1 1 T
4956 0 0 .
4960 1 1 G
4962 1 1 T
4969 1 1 A
4974 4 5 GGAGT
4981 1 1 C
4985 0 0 .
4991 1 0 .
4997 0 0 .
5004 1 1 T
5008 1 1 A
5010 0 0 .
5015 0 1 C
5018 1 1 G
5024 1 1 C
5031 1 1 G
5035 0 0 .
5037 1 1 G
5039 0 0 .
5043 1 0 .
5058 1 1 A
5065 1 1 C
5067 1 1 C
5075 1 1 A
5080 1 0 .
5093 0 0 .
5095 0 0 .
5101 1 1 A
5106 0 1 A
5108 1 1 T
5110 3 0 .
5116 0 0 .
5120 1 1 A
5127 1 1 C
5132 1 1 A
5138 1 1 C
5143 0 0 .
5146 0 0 .
5152 1 1 A
5156 1 1 G
5163 0 0 .
5169 0 0 .
5173 1 1 A
5176 1 1 A
5182 1 1 C
5187 1 1 A
5189 1 1 G
5192 1 1 A
5195 4 0 .
5201 0 1 T
5207 0 0 .
5211 1 2 CA
5217 1 1 C
5221 1 1 G
5228 0 0 .
5230 1 6 TTTTGA
5233 0 0 .
5235 1 1 C
5239 8 0 .
5249 1 1 G
5264 0 0 .
5270 0 0 .
5278 1 1 G
5284 1 1 G
5286 1 1 T
5290 1 1 A
5297 1 0 .
5300 1 1 A
5304 1 1 A
5311 0 0 .
5314 0 0 .
5318 0 0 .
5320 0 7 GTTCATT
5325 1 1 T
5330 0 0 .
5333 1 1 T
5336 0 0 .
5340 1 1 T
5343 0 0 .
5345 1 1 A
5348 1 1 G
5351 1 1 T
5353 0 0 .
5360 0 0 .
5364 1 1 T
5370 1 1 C
5375 10 0 .
5390 1 0 .
5400 1 1 T
5408 1 1 A
5412 1 1 T
5426 1 1 A
5432 1 1 C
5437 6 0 .
5449 0 0 .
5452 1 1 A
5457 0 0 .
5460 2 11 CCAGAGATATT
5467 1 1 A
5472 1 1 T
5478 0 0 .
5481 0 0 .
5489 0 0 .
5496 0 0 .
5512 1 1 C
5518 4 0 .
5523 1 0 .
5530 1 1 T
5535 1 1 C
5542 1 1 G
5545 1 1 T
5549 1 1 T
5552 1 1 A
5555 0 0 .
5562 1 0 .
5569 1 1 A
5576 1 1 C
5590 1 1 A
5593 0 0 .
5599 1 1 A
5604 1 1 C
5606 0 0 .
5612 1 1 T
5619 0 0 .
5624 1 1 C
5629 0 0 .
5636 0 0 .
5648 1 1 T
5654 1 1 C
5661 0 0 .
5665 1 1 T
5668 1 1 T
5670 1 1 C
5675 1 1 C
5678 1 1 T
5684 1 1 T
5687 0 1 T
5690 1 1 G
5692 1 1 G
5695 1 1 C
5701 1 1 G
5705 1 1 C
5709 1 1 T
5716 1 1 T
5720 1 1 A
5730 0 0 .
5733 0 0 .
5740 1 0 .
5746 0 0 .
5752 0 0 .
5755 0 0 .
5762 1 1 G
5769 5 6 GTTTTA
5778 1 1 A
5782 1 1 A
5787 1 1 A
5791 0 0 .
5796 1 1 C
5801 1 0 .
5810 0 0 .
5813 1 1 G
5818 0 0 .
5821 1 1 T
5832 1 1 C
5838 1 1 T
5840 0 0 .
5843 0 0 .
5849 0 0 .
5852 1 1 C
5854 1 0 .
5857 1 1 T
5862 0 0 .
5865 1 1 T
5872 1 1 A
5877 1 1 C
5886 1 1 T
5891 1 1 C
5902 0 0 .
5910 0 0 .
5916 1 0 .
5918 0 0 .
5931 0 0 .
5934 1 1 G
5939 1 1 T
5946 0 0 .
5958 1 1 A
5965 1 0 .
5969 1 0 .
5979 6 0 .
5986 0 0 .
5989 10 0 .
6002 0 0 .
6007 1 0 .
6019 1 0 .
6021 0 0 .
6026 1 1 T
6036 1 1 A
6039 1 1 A
6045 1 1 A
6050 1 0 .
6065 0 0 .
6077 0 0 .
6087 0 0 .
6090 1 1 C
6095 0 0 .
6098 0 0 .
6107 0 1 A
6113 2 0 .
6116 1 1 C
6120 0 0 .
6126 1 1 G
6132 0 0 .
6134 4 0 .
6144 0 1 A
6150 1 1 T
6157 0 0 .
6162 0 0 .
6167 1 1 C
6170 5 0 .
6177 1 1 A
6179 1 1 T
6186 1 1 G
6189 1 1 C
6194 1 1 A
6199 1 1 C
6201 1 1 C
6204 0 0 .
6219 0 0 .
6224 1 1 A
6227 1 1 G
6233 0 0 .
6250 1 1 T
6260 1 1 T
6267 1 1 T
6273 1 1 C
6280 3 0 .
6289 0 1 C
6296 1 1 A
6298 0 0 .
6300 0 0 .
6306 1 1 G
6308 7 0 .
6317 1 1 A
6321 0 0 .
6328 12 0 .
6346 1 0 .
6357 0 0 .
6367 0 0 .
6369 1 1 A
6376 1 1 T
6380 0 0 .
6387 1 1 T
6404 1 1 T
6409 1 1 T
6412 0 4 ATCA
6427 1 1 A
6432 1 0 .
6440 0 0 .
6446 1 1 G
6450 1 1 C
6462 0 0 .
6469 1 1 T
6475 0 0 .
6477 0 0 .
6484 1 1 C
6492 1 1 G
6498 0 9 GTTACTCCA
6500 3 0 .
6504 1 1 C
6506 1 1 C
6511 1 1 G
6515 1 1 G
6525 1 1 G
6532 1 1 G
6536 0 9 TGCATAGTC
6548 1 1 T
6552 1 1 A
6555 6 0 .
6567 0 3 ACT
6568 1 1 T
6571 0 0 .
6578 1 1 C
6588 9 0 .
6602 1 1 C
6613 1 1 T
6618 1 1 G
6629 0 0 .
6631 0 8 GTTGAGTA
6641 1 1 G
6643 0 0 .
6651 1 1 A
6653 1 1 T
6657 1 1 G
6661 0 0 .
6663 1 1 G
6667 0 0 .
6674 0 0 .
6677 0 0 .
6683 1 1 T
6686 1 1 G
6691 1 1 A
6697 0 0 .
6700 1 1 T
6718 1 1 A
6723 0 0 .
6729 1 1 A
6732 1 1 C
6735 0 0 .
6741 0 0 .
6744 0 0 .
6751 1 1 T
6758 11 12 CGCGTTCTTCAT
6772 0 0 .
6778 0 1 C
6785 0 0 .
6788 1 1 T
6795 1 1 T
6800 1 1 C
6803 0 0 .
6810 1 1 C
6813 1 1 G
6816 1 1 T
6822 0 0 .
6827 1 1 T
6831 8 8 TAGAAAAT
6842 12 0 .
6859 1 1 T
6862 1 1 C
6874 1 1 C
6877 1 1 C
6892 0 5 AAGGT
6906 1 1 A
6908 1 1 G
6911 0 0 .
6918 1 1 T
6922 0 0 .
6933 0 0 .
6940 0 0 .
6942 0 0 .
6947 1 1 G
6949 1 1 G
6952 1 1 G
6957 1 1 G
6960 1 1 C
6964 1 1 C
6967 0 0 .
6971 1 0 .
6982 1 1 C
6985 1 1 A
6991 0 0 .
6994 1 1 C
7003 0 0 .
7010 1 1 C
7013 0 1 T
7020 0 0 .
7024 1 1 A
7028 0 8 TCACAAAT
7032 1 1 A
7043 1 1 A
7045 1 1 A
7048 1 1 A
7052 1 1 G
7054 0 6 TTGACG
7058 1 1 T
7061 0 1 T
7064 1 1 A
7071 1 1 T
7076 1 1 C
7081 1 1 G
7083 1 1 A
7089 1 1 C
7093 0 0 .
7099 1 1 A
7102 0 0 .
7104 1 1 A
7116 9 0 .
7127 10 0 .
7141 1 1 C
7147 7 9 CATAGACTC
7159 0 0 .
7174 7 0 .
7186 1 1 G
7195 0 0 .
7202 0 0 .
7208 1 1 A
7212 1 1 C
7219 0 1 C
7224 0 0 .
7227 1 1 T
7230 0 0 .
7232 2 0 .
7235 0 0 .
7238 1 1 A
7243 1 1 C
7248 0 0 .
7250 1 1 G
7257 4 0 .
7266 1 1 T
7269 0 1 G
7271 1 1 T
7276 0 0 .
7282 1 1 C
7284 1 1 C
7289 1 1 G
7296 1 1 C
7304 0 0 .
7309 1 1 A
7312 0 0 .
7318 0 0 .
7325 1 1 C
7331 1 1 C
7335 1 1 T
7339 1 1 T
7351 0 0 .
7357 1 1 T
7359 0 0 .
7366 1 1 A
7372 1 1 G
7376 8 0 .
7387 0 0 .
7394 0 0 .
7398 1 1 A
7402 1 1 G
7406 0 0 .
7412 0 0 .
7414 1 1 A
7420 1 1 T
7427 1 0 .
7437 1 1 A
7444 1 1 C
7448 1 0 .
7458 1 0 .
7466 0 7 GACTGAA
7468 3 0 .
7474 1 1 C
7478 1 1 T
7491 1 1 A
7497 0 0 .
7501 0 0 .
7507 0 0 .
7509 1 1 T
7515 0 7 TTATGCC
7521 1 1 T
7525 0 0 .
7530 1 1 T
7535 1 0 .
7538 1 1 A
7542 0 0 .
7549 1 1 G
7554 1 1 A
7556 1 1 T
7559 1 1 T
7564 0 0 .
7570 0 0 .
7575 1 1 C
7581 1 1 A
7588 1 1 A
7592 1 1 A
7597 0 0 .
7601 1 0 .
7608 6 0 .
7616 1 1 C
7622 0 0 .
7632 0 0 .
7639 1 0 .
7649 1 1 A
7653 1 1 G
7658 1 1 G
7662 1 1 T
7674 1 1 C
7678 0 0 .
7681 1 1 C
7683 1 1 T
7688 1 1 A
7690 1 1 A
7696 1 1 T
7698 1 1 A
7701 0 0 .
7704 0 0 .
7709 0 0 .
7713 1 12 GCGACAAGTAAG
7716 1 1 T
7718 1 1 G
7721 1 1 T
7728 1 1 A
7732 0 12 GGATGGTTGAGT
7734 1 1 C
7738 1 1 C
7744 5 11 GCTAAACAGGA
7751 1 1 G
7758 0 5 AAGTG
7763 1 0 .
7780 1 1 A
7783 1 1 G
7790 4 0 .
7798 0 0 .
7808 0 1 A
7814 1 1 C
7817 1 1 C
7828 1 1 T
7830 0 0 .
7838 1 1 T
7841 1 1 C
7848 0 0 .
7851 0 0 .
7859 1 1 C
7864 1 1 T
7867 0 0 .
7871 1 1 C
7874 1 1 G
7877 1 1 G
7879 1 1 T
7881 1 1 G
7887 10 0 .
7898 1 1 C
7905 1 1 C
7916 1 1 C
7922 1 1 T
7934 1 1 T
7943 1 1 C
7945 0 0 .
7958 1 0 .
7970 12 0 .
7988 0 0 .
7995 1 1 A
7997 1 1 G
8000 1 1 A
8003 1 1 C
8010 1 1 G
8012 0 0 .
8019 1 1 C
8025 7 0 .
8036 1 1 A
8040 1 1 C
8045 0 0 .
8052 0 1 G
8058 9 0 .
8070 0 4 ATTT
8077 12 0 .
8093 0 0 .
8099 1 1 A
8105 1 1 T
8109 0 0 .
8121 0 0 .
8127 0 0 .
8133 0 0 .
8145 1 1 A
8152 8 0 .
8162 1 1 G
8167 0 4 ATTA
8170 0 3 CCG
8182 1 1 C
8186 0 0 .
8191 1 1 T
8207 1 1 G
8219 1 1 C
8226 5 6 GCTGAT
8232 0 2 TT
8237 0 0 .
8240 0 1 T
8246 1 1 A
8248 0 0 .
8255 1 1 C
8260 0 0 .
8263 0 0 .
8268 1 1 C
8274 0 0 .
8278 1 1 C
8285 0 0 .
8292 1 1 C
8294 1 1 T
8298 1 1 A
8306 1 1 C
8315 1 1 T
8319 5 0 .
8326 0 0 .
8333 0 0 .
8337 8 0 .
8346 0 0 .
8350 1 1 G
8356 1 1 C
8363 1 1 G
8369 1 0 .
8387 0 0 .
8392 1 0 .
8394 1 0 .
8401 1 1 T
8408 0 0 .
8412 1 1 A
8414 1 1 T
8417 0 0 .
8421 1 1 C
8425 1 1 T
8432 0 0 .
8436 1 1 G
8440 0 0 .
8444 1 1 G
8448 4 11 ACAGGCAGTTT
8456 5 12 CTCCCGGCGCTA
8465 1 1 G
8470 1 1 C
8474 1 1 C
8476 1 1 T
8481 0 0 .
8494 1 1 T
8499 1 1 T
8502 12 5 AACCG
8515 0 3 TGA
8516 1 1 T
8519 1 1 A
8525 0 5 CAAAG
8530 1 1 G
8535 1 1 A
8538 1 0 .
8554 1 1 C
8558 1 0 .
8573 0 0 .
8578 0 7 GTCATTT
8580 1 1 A
8583 0 0 .
8587 1 1 A
8589 0 0 .
8594 1 0 .
8608 0 10 CGCTGGCCCT
8614 0 0 .
8616 0 1 C
8621 1 1 C
8624 1 1 C
8639 1 1 C
8643 1 0 .
8657 5 6 GGGGAC
8663 1 1 T
8670 1 1 G
8676 11 0 .
8691 1 0 .
8694 2 0 .
8697 0 0 .
8711 1 1 G
8717 4 7 TTTCGTA
8722 1 1 G
8728 9 0 .
8741 1 1 C
8745 1 0 .
8761 1 1 G
8768 1 1 A
8770 0 1 C
8775 0 0 .
8780 0 0 .
8786 12 7 GATTGTC
8800 1 1 C
8806 0 0 .
8812 1 1 A
8818 0 0 .
8826 1 1 C
8833 1 1 G
8839 1 1 A
8844 4 0 .
8850 0 0 .
8853 1 1 G
8858 1 1 A
8863 0 0 .
8866 0 9 CCGTCTGTG
8882 9 3 TCT
8895 1 1 C
8900 0 1 G
8903 0 0 .
8904 11 0 .
8918 1 1 C
8921 7 0 .
8929 0 5 ACAGG
8943 0 0 .
8948 0 0 .
8951 1 1 T
8958 7 0 .
8967 1 1 G
8971 0 2 TC
8977 0 4 TATG
8985 0 9 ATTTCGCTC
8987 1 1 C
9003 1 1 C
9010 0 0 .
9016 1 1 T
9023 1 1 C
9028 1 1 A
9032 1 1 C
9038 1 1 G
9043 1 1 T
9050 0 12 TAGTGTTCACAG
9051 0 0 .
9058 1 0 .
9069 0 5 CGTGC
9072 0 0 .
9078 0 0 .
9083 0 0 .
9090 1 0 .
9103 1 1 A
9112 1 1 T
9125 0 0 .
9132 1 1 G
9137 1 1 C
9141 1 1 G
9148 0 0 .
9157 1 1 T
9163 1 1 G
9165 1 1 C
9167 1 1 C
9170 1 1 C
9176 1 0 .
9187 1 0 .
9190 0 0 .
9194 1 1 C
9199 1 1 T
9204 1 1 C
9208 1 1 G
9212 1 1 G
9219 0 0 .
9225 10 9 TCACTTGGA
9236 0 0 .
9238 0 0 .
9241 1 1 G
9248 1 1 A
9253 1 1 A
9258 1 1 C
9263 1 1 G
9270 0 0 .
9275 1 1 T
9277 1 1 G
9279 1 0 .
9285 1 1 A
9287 0 0 .
9293 1 1 C
9295 0 0 .
9297 6 0 .
9308 1 1 C
9310 0 0 .
9321 1 1 A
9332 1 1 G
9337 0 0 .
9344 1 1 A
9357 1 1 T
9361 0 0 .
9372 1 0 .
9385 1 1 A
9390 1 1 C
9396 0 0 .
9402 1 0 .
9405 1 1 C
9409 0 0 .
9413 0 0 .
9415 1 1 C
9420 0 0 .
9426 0 0 .
9429 1 1 C
9436 7 3 TGC
9444 8 1 G
9456 0 1 T
9459 1 1 T
9464 1 1 A
9467 1 1 A
9473 0 0 .
9479 1 1 G
9481 8 0 .
9491 1 1 C
9498 1 1 C
9502 0 0 .
9509 1 1 C
9515 1 1 G
9517 1 1 T
9523 1 1 C
9525 1 1 T
9531 1 1 A
9535 1 1 C
9541 1 1 A
9543 5 0 .
9550 0 0 .
9556 6 0 .
9567 0 1 T
9574 1 1 A
9578 0 0 .
9581 1 1 A
9588 1 1 G
9592 0 1 G
9594 10 8 TATAGGAG
9608 1 0 .
9618 1 3 GCC
9623 2 0 .
9627 0 0 .
9630 0 0 .
9634 1 1 A
9637 1 1 G
9643 1 1 A
9645 1 1 A
9647 1 1 C
9651 0 0 .
9655 1 1 T
9663 1 1 G
9668 0 0 .
9671 1 1 A
9673 1 1 A
9678 1 1 T
9684 0 0 .
9691 4 0 .
9699 1 1 A
9705 0 0 .
9719 0 1 T
9722 1 1 G
9725 1 1 T
9735 1 1 T
9742 1 1 T
9748 1 1 C
9752 1 1 G
9760 1 1 C
9764 1 1 C
9768 1 1 C
9773 1 1 G
9775 1 1 G
9781 0 0 .
9785 1 1 T
9787 1 1 G
9793 1 1 A
9800 1 1 G
9802 1 1 A
9805 1 1 G
9807 0 0 .
9819 0 0 .
9823 1 1 C
9825 0 0 .
9829 0 0 .
9833 1 1 A
9837 0 0 .
9844 0 0 .
9850 1 1 A
9856 0 0 .
9863 1 0 .
9873 1 1 C
9875 1 1 T
9879 1 0 .
9891 0 0 .
9902 1 0 .
9920 0 1 C
9926 0 0 .
9939 1 1 G
9947 1 1 C
9954 1 1 A
9956 1 1 C
