4 1 1 T
9 1 0 .
17 6 3 CCC
24 1 0 .
38 0 0 .
44 1 1 G
51 1 1 G
58 0 0 .
61 0 0 .
65 0 0 .
74 3 11 GGCTCATCTGC
82 1 1 T
89 0 1 T
93 0 1 G
100 1 1 C
102 1 1 A
108 1 1 T
115 1 0 .
122 1 1 G
130 1 1 A
136 1 0 .
149 6 0 .
157 1 1 A
163 1 1 C
169 9 2 TT
182 3 0 .
187 0 0 .
192 0 0 .
195 1 0 .
209 1 1 C
214 1 1 C
220 0 0 .
223 1 0 .
232 0 5 ATTGG
237 0 0 .
239 1 1 C
245 1 1 C
248 9 9 GTCAAGCCT
261 0 0 .
264 0 0 .
267 1 1 C
271 7 9 CGGAGACCC
283 0 5 TCTTA
288 0 0 .
294 0 0 .
298 1 0 .
301 1 1 C
303 1 1 G
310 0 0 .
312 0 0 .
315 1 1 G
319 1 1 A
323 1 0 .
332 5 0 .
343 0 0 .
348 1 1 T
352 0 0 .
354 9 0 .
368 1 0 .
378 1 1 C
383 1 1 G
390 1 1 T
394 1 1 T
400 1 1 C
404 8 0 .
416 1 1 C
420 0 0 .
423 1 1 G
426 0 0 .
429 1 1 G
435 8 0 .
447 1 1 G
451 0 0 .
458 0 0 .
460 1 1 G
473 1 1 T
479 0 4 ATCG
483 1 1 C
486 1 1 A
490 0 3 AAA
501 1 1 G
508 1 1 A
511 0 0 .
525 1 1 C
531 1 1 T
534 1 1 G
538 1 1 T
540 1 1 A
545 1 1 G
551 0 0 .
556 1 1 T
562 0 0 .
569 0 0 .
573 1 1 C
580 1 1 T
583 1 1 C
585 5 0 .
597 11 1 C
614 0 0 .
621 1 1 G
626 1 1 C
633 1 1 T
640 1 1 T
645 1 0 .
649 1 1 T
655 1 1 C
662 1 1 G
668 1 1 G
672 1 1 C
679 0 0 .
684 1 1 G
687 0 0 .
694 0 1 T
700 1 1 T
714 0 0 .
720 1 1 G
726 1 1 T
730 1 1 T
733 1 1 A
735 1 1 G
740 1 1 C
746 1 1 C
751 1 1 G
763 1 1 G
768 1 1 G
773 1 1 T
775 0 0 .
781 1 1 G
785 1 1 A
792 0 0 .
799 1 1 T
803 1 1 G
808 0 0 .
815 1 1 G
821 0 0 .
825 0 0 .
828 0 0 .
835 0 0 .
841 0 0 .
847 1 1 G
849 1 1 C
855 1 1 C
860 0 1 G
864 1 1 T
869 0 1 G
873 1 0 .
878 10 7 AACAGCC
892 1 1 T
896 1 1 T
901 0 0 .
908 0 0 .
915 1 1 T
921 0 0 .
928 1 1 T
931 1 0 .
944 0 0 .
950 1 1 C
955 0 0 .
966 0 0 .
980 0 1 T
986 1 1 G
988 1 1 C
994 1 1 T
999 1 1 G
1006 1 1 A
1013 0 0 .
1020 0 1 G
1024 1 1 G
1030 0 0 .
1036 0 0 .
1039 10 0 .
1053 1 1 T
1057 1 1 C
1062 8 2 GT
1074 0 0 .
1084 1 1 A
1089 2 12 TGTGTATTGCAA
1095 9 11 TGATAGTAGGC
1108 1 1 G
1115 6 9 AGCACACTG
1124 1 1 C
1127 1 1 G
1132 1 1 T
1134 1 1 A
1138 1 1 C
1154 1 1 G
1157 0 0 .
1164 1 1 C
1169 10 0 .
1184 11 1 C
1199 7 0 .
1210 1 1 G
1216 1 1 A
1228 1 1 G
1233 1 1 C
1239 1 1 C
1247 1 1 A
1249 1 1 C
1255 1 1 A
1258 1 1 T
1265 1 1 T
1270 1 1 A
1272 1 1 G
1284 1 1 G
1286 1 1 A
1289 0 0 .
1294 1 1 A
1300 1 0 .
1313 1 1 G
1318 1 1 G
1324 1 1 G
1327 1 1 G
1330 1 0 .
1341 1 1 G
1348 1 1 C
1355 0 0 .
1370 0 1 A
1372 7 9 ACAAGAACC
1381 0 0 .
1386 9 10 CTTTTAGTCG
1400 1 1 G
1402 0 0 .
1408 1 1 A
1417 1 0 .
1422 0 7 ATCATGG
1424 1 1 T
1426 11 6 CTCCAA
1438 10 7 GGTGCCG
1450 1 1 A
1456 1 1 T
1463 1 1 T
1469 1 1 C
1471 1 1 T
1476 1 0 .
1481 0 12 CATGAAGATACA
1486 2 0 .
1494 1 1 T
1496 0 0 .
1498 12 0 .
1516 0 0 .
1519 0 0 .
1522 1 1 G
1529 1 0 .
1545 4 4 TAAA
1553 0 0 .
1555 1 1 G
1557 1 1 C
1562 0 0 .
1565 1 1 C
1572 1 1 T
1579 0 0 .
1580 1 1 T
1585 1 1 A
1592 1 1 C
1596 1 1 C
1603 1 1 C
1610 1 1 A
1614 0 0 .
1619 1 1 T
1626 0 0 .
1631 1 1 T
1641 0 0 .
1649 0 0 .
1652 9 3 GCA
1666 4 0 .
1671 0 0 .
1677 1 1 C
1681 1 0 .
1695 0 1 G
1700 1 1 C
1712 1 1 G
1714 9 0 .
1726 1 0 .
1732 1 0 .
1743 1 1 A
1747 1 1 T
1759 0 1 G
1766 1 0 .
1771 0 0 .
1779 1 1 C
1784 1 1 C
1790 0 0 .
1794 0 0 .
1796 5 0 .
1804 9 0 .
1819 1 1 T
1824 0 0 .
1829 1 1 C
1831 1 1 G
1834 1 1 T
1839 0 0 .
1845 0 0 .
1852 1 1 C
1864 1 1 G
1870 1 1 C
1872 1 1 C
1876 1 0 .
1879 0 0 .
1886 0 0 .
1889 1 1 T
1892 0 0 .
1896 1 1 C
1908 1 1 C
1919 1 1 A
1922 1 1 C
1928 1 1 C
1934 1 1 A
1940 1 1 T
1943 1 1 T
1949 1 0 .
1959 0 0 .
1966 12 0 .
1984 1 1 G
1989 1 1 A
2002 1 1 G
2005 1 1 A
2010 7 0 .
2019 1 1 T
2026 1 1 T
2028 1 1 T
2034 1 1 G
2039 0 10 ATCTACCTGG
2044 1 1 G
2046 0 0 .
2060 1 1 C
2063 1 1 T
2065 1 1 C
2068 0 0 .
2070 0 0 .
2074 1 1 T
2079 1 1 T
2086 0 1 A
2088 1 1 G
2092 4 0 .
2102 7 2 GA
2115 1 1 G
2128 1 1 A
2134 1 1 G
2138 11 0 .
2150 1 1 A
2155 0 0 .
2160 1 1 C
2167 1 1 C
2171 0 0 .
2178 1 1 C
2181 1 1 A
2188 0 0 .
2192 1 1 C
2195 1 1 A
2197 1 1 A
2204 1 1 T
2208 1 1 C
2215 1 10 CTAACTAAAA
2220 0 0 .
2225 1 1 A
2229 1 1 T
2233 1 1 C
2236 0 0 .
2240 4 0 .
2250 1 0 .
2266 0 0 .
2272 1 1 T
2282 1 1 C
2287 1 1 A
2292 0 1 G
2298 1 1 G
2303 1 1 G
2310 1 1 G
2313 8 0 .
2324 1 1 T
2338 1 0 .
2346 1 1 C
2350 1 1 C
2353 0 0 .
2360 1 1 G
2370 0 0 .
2373 1 1 G
2380 1 1 G
2390 12 8 CGTACGAC
2403 3 0 .
2408 1 1 T
2413 0 0 .
2417 1 1 C
2423 0 0 .
2425 0 0 .
2439 1 1 A
2444 1 1 C
2449 1 1 C
2452 0 1 G
2456 1 1 G
2462 1 1 T
2466 0 0 .
2473 6 8 ATCTATTG
2483 1 0 .
2487 1 1 A
2493 8 0 .
2506 1 1 A
2509 0 1 C
2514 1 1 T
2520 1 1 G
2526 1 0 .
2536 0 0 .
2541 0 0 .
2550 1 1 A
2567 0 0 .
2574 0 0 .
2581 1 1 A
2587 9 0 .
2597 0 0 .
2600 1 1 A
2607 1 1 T
2614 0 1 G
2619 1 1 A
2621 6 0 .
2633 0 0 .
2637 1 1 A
2641 1 1 C
2649 1 1 A
2651 0 0 .
2656 1 0 .
2660 0 0 .
2666 0 1 T
2673 1 1 T
2679 4 1 G
2689 0 3 TCT
2695 1 1 C
2713 7 9 TGACATCTA
2726 1 0 .
2738 0 0 .
2744 8 0 .
2753 0 0 .
2761 1 1 G
2768 0 0 .
2775 1 0 .
2787 1 1 G
2799 0 0 .
2804 1 1 A
2808 1 1 T
2812 1 1 T
2814 1 0 .
2826 0 0 .
2830 1 1 A
2832 1 1 A
2839 1 1 G
2842 0 0 .
2846 1 1 G
2853 0 0 .
2863 0 6 CGATCG
2880 0 0 .
2892 1 0 .
2906 4 1 A
2916 2 0 .
2919 1 1 T
2924 1 0 .
2933 1 1 T
2935 1 1 C
2940 1 0 .
2945 0 0 .
2950 5 0 .
2959 0 0 .
2966 1 1 G
2980 1 1 T
2986 1 1 T
2991 1 1 G
2993 0 0 .
2996 0 0 .
3000 1 1 C
3003 1 1 T
3006 6 0 .
3013 0 0 .
3016 1 0 .
3024 0 8 GACTATAA
3042 0 0 .
3049 0 0 .
3053 1 1 A
3057 1 1 T
3071 1 1 T
3078 0 0 .
3082 0 0 .
3086 0 1 C
3092 1 1 T
3097 0 9 TCTAAAACT
3100 1 1 A
3104 1 1 G
3111 0 0 .
3125 1 1 A
3127 1 1 G
3129 0 0 .
3134 1 1 A
3139 1 1 C
3150 0 0 .
3155 0 0 .
3161 6 0 .
3168 1 1 G
3175 0 0 .
3180 0 0 .
3187 1 1 A
3189 0 0 .
3205 1 1 T
3207 0 0 .
3214 4 1 G
3223 1 1 T
3237 1 1 G
3239 9 0 .
3249 1 1 A
3255 0 0 .
3257 9 0 .
3271 1 0 .
3282 12 0 .
3296 1 1 C
3300 0 0 .
3303 1 1 A
3310 0 0 .
3312 1 1 T
3319 0 1 A
3322 1 1 A
3324 1 1 A
3329 0 0 .
3331 1 1 G
3341 12 0 .
3357 0 0 .
3373 1 1 C
3377 7 2 CC
3385 1 1 A
3392 1 1 G
3397 1 1 T
3402 1 1 A
3412 0 1 C
3418 1 1 C
3420 1 1 G
3427 6 12 TAAGCCAACGGC
3435 1 1 G
3442 1 1 C
3449 0 0 .
3456 1 1 C
3459 1 1 C
3463 1 1 T
3469 1 1 A
3473 0 11 ATCGGACCTAT
3482 4 9 AGAGTAAAA
3493 0 0 .
3498 0 0 .
3501 0 0 .
3506 1 0 .
3517 0 0 .
3529 1 1 C
3536 7 0 .
3548 1 1 G
3557 1 4 CACG
3564 0 0 .
3568 1 1 T
3570 0 0 .
3575 4 0 .
3589 0 0 .
3596 1 1 C
3601 0 0 .
3608 1 1 A
3612 1 1 C
3615 1 1 G
3632 2 0 .
3638 0 0 .
3642 1 0 .
3647 0 0 .
3652 1 1 G
3657 0 2 TG
3662 0 12 TAGCCGTCTATC
3677 0 0 .
3681 0 0 .
3688 0 1 C
3695 0 0 .
3701 1 1 T
3708 11 0 .
3721 0 0 .
3724 1 1 G
3734 1 1 A
3739 0 10 TCCGACCAAA
3743 0 0 .
3750 1 1 T
3754 0 1 A
3760 1 1 G
3762 1 1 A
3766 1 1 T
3770 1 1 T
3773 0 5 TACAT
3775 1 1 G
3781 1 1 A
3798 0 0 .
3799 1 1 G
3803 0 0 .
3810 10 4 CATC
3826 1 1 T
3832 0 0 .
3837 1 0 .
3851 0 0 .
3853 0 8 CACGGATA
3858 1 1 G
3863 0 0 .
3869 0 0 .
3877 1 1 G
3882 1 1 G
3888 1 0 .
3899 0 0 .
3901 0 0 .
3906 1 1 A
3913 12 0 .
3929 10 1 A
3945 1 1 C
3955 1 1 T
3959 1 1 G
3963 1 0 .
3976 1 1 G
3979 1 5 TGGCG
3989 1 1 A
3995 1 1 T
4001 1 1 G
4007 1 1 C
4011 1 1 A
4017 0 0 .
4022 0 12 ACGAACTGTCTC
4024 0 0 .
4026 10 0 .
4041 1 1 G
4045 1 1 C
4052 1 1 T
4056 0 1 T
4060 1 1 T
4063 0 0 .
4081 1 0 .
4093 0 0 .
4096 1 1 A
4099 0 0 .
4102 0 0 .
4115 1 1 A
4117 1 1 T
4125 1 1 C
4129 1 1 A
4138 1 1 C
4140 1 1 A
4142 0 0 .
4148 1 1 C
4151 1 1 A
4158 0 0 .
4162 5 0 .
4172 1 1 T
4182 1 1 G
4189 1 1 A
4206 1 1 T
4211 1 1 A
4224 1 1 C
4229 0 0 .
4232 0 0 .
4235 0 0 .
4242 11 0 .
4255 0 0 .
4259 1 1 T
4262 0 0 .
4279 1 1 T
4281 0 0 .
4285 1 1 C
4295 0 0 .
4299 0 0 .
4302 1 1 A
4304 1 0 .
4312 1 0 .
4326 1 1 C
4331 1 1 C
4338 1 1 A
4351 1 1 A
4356 2 0 .
4359 1 1 G
4362 1 0 .
4368 1 1 T
4373 1 0 .
4385 0 0 .
4395 0 0 .
4402 1 1 G
4406 1 0 .
4413 0 0 .
4417 8 10 GACGGAGTCT
4430 1 1 G
4435 1 3 AAG
4449 1 1 A
4458 0 0 .
4460 1 0 .
4476 1 1 T
4482 1 1 T
4485 1 1 A
4488 1 1 C
4493 0 1 T
4499 1 0 .
4507 0 0 .
4509 1 1 A
4513 1 1 T
4520 1 1 A
4523 0 0 .
4530 0 0 .
4532 1 0 .
4542 1 1 C
4547 2 0 .
4555 1 1 A
4560 1 1 A
4562 9 2 AC
4577 1 1 C
4584 1 0 .
4598 1 1 C
4603 1 0 .
4618 1 1 T
4633 0 0 .
4635 1 1 G
4643 0 0 .
4646 1 1 C
4653 0 0 .
4658 0 1 A
4662 11 9 TACCTGTTG
4676 0 0 .
4678 1 1 C
4683 1 1 A
4690 5 0 .
4703 1 1 T
4705 1 1 T
4712 0 0 .
4720 0 0 .
4725 0 0 .
4731 1 1 T
4738 7 10 GCCAGCCACG
4748 1 1 C
4752 5 11 GGACGGCCCTG
4760 1 1 C
4767 1 1 C
4778 7 1 T
4786 0 0 .
4787 0 0 .
4789 0 0 .
4794 3 0 .
4803 1 1 T
4812 1 1 G
4819 0 0 .
4827 1 1 A
4834 1 1 C
4840 1 1 T
4845 0 0 .
4852 1 1 T
4859 1 1 T
4866 0 0 .
4880 0 0 .
4884 11 0 .
4900 1 0 .
4912 1 1 T
4915 2 8 ACAGGACG
4919 1 1 G
4924 1 1 A
4932 1 1 A
4937 2 5 CTACG
4942 1 0 .
4950 1 1 T
4956 1 1 T
4960 1 1 G
4962 0 0 .
4969 1 1 A
4974 0 5 GGAGT
4981 1 0 .
4985 1 1 T
4991 0 0 .
4997 1 1 C
5004 1 1 T
5008 0 0 .
5010 1 1 A
5015 1 1 G
5018 0 0 .
5024 0 1 G
5031 0 0 .
5035 1 1 G
5037 1 1 G
5039 1 1 G
5043 1 1 A
5058 1 1 A
5065 1 1 G
5067 1 0 .
5075 1 1 A
5080 1 1 A
5093 1 1 C
5095 1 1 G
5101 1 1 A
5106 1 1 G
5108 0 0 .
5110 0 0 .
5116 1 1 G
5120 1 1 A
5127 0 0 .
5132 1 1 A
5138 0 0 .
5143 1 1 A
5146 1 1 A
5152 0 0 .
5156 0 0 .
5163 1 1 C
5169 1 1 G
5173 0 0 .
5176 0 0 .
5182 1 1 C
5187 1 1 C
5189 0 1 G
5192 1 1 A
5195 0 0 .
5201 1 1 A
5207 0 12 ATGGAAAGTTGG
5211 1 0 .
5217 1 1 C
5221 1 1 G
5228 1 1 A
5230 1 1 T
5233 1 1 C
5235 0 1 A
5239 0 0 .
5249 9 10 AGTCAGAGTG
5264 1 1 G
5270 5 0 .
5278 0 0 .
5284 1 1 G
5286 1 1 T
5290 0 0 .
5297 1 1 A
5300 1 1 A
5304 0 0 .
5311 1 1 C
5314 1 1 T
5318 1 1 C
5320 0 0 .
5325 0 0 .
5330 1 1 T
5333 0 0 .
5336 1 0 .
5340 0 0 .
5343 1 1 C
5345 0 0 .
5348 1 1 G
5351 1 1 T
5353 1 1 C
5360 1 1 A
5364 0 0 .
5370 1 1 C
5375 0 0 .
5390 1 1 C
5400 1 0 .
5408 1 1 A
5412 1 0 .
5426 0 0 .
5432 1 1 C
5437 0 0 .
5449 1 1 A
5452 0 0 .
5457 0 1 A
5460 0 0 .
5467 0 0 .
5472 1 1 T
5478 0 7 CAGCCCC
5481 4 0 .
5489 1 1 G
5496 10 0 .
5512 0 0 .
5518 0 0 .
5523 1 1 T
5530 0 0 .
5535 0 0 .
5542 0 0 .
5545 0 0 .
5549 0 0 .
5552 1 1 A
5555 1 1 C
5562 1 1 A
5569 0 1 G
5576 1 0 .
5590 0 0 .
5593 1 1 A
5599 1 1 A
5604 1 1 C
5606 1 1 G
5612 0 1 T
5619 1 1 T
5624 0 0 .
5629 1 1 T
5636 11 0 .
5648 1 1 T
5654 1 1 C
5661 1 1 T
5665 0 0 .
5668 0 0 .
5670 1 1 C
5675 1 1 C
5678 1 1 T
5684 0 0 .
5687 1 1 T
5690 0 0 .
5692 0 0 .
5695 0 0 .
5701 0 0 .
5705 0 0 .
5709 1 1 T
5716 1 1 T
5720 6 12 AAATATTCTGTG
5730 1 1 C
5733 1 1 C
5740 1 1 T
5746 1 1 T
5752 1 1 T
5755 1 1 A
5762 1 1 G
5769 1 1 G
5778 0 0 .
5782 1 0 .
5787 0 0 .
5791 1 1 C
5796 0 0 .
5801 1 1 T
5810 0 6 CGTGCC
5813 0 0 .
5818 1 1 G
5821 6 9 TTTTAGCGG
5832 0 0 .
5838 0 0 .
5840 1 1 C
5843 1 1 C
5849 0 6 GAGGCC
5852 1 1 C
5854 0 0 .
5857 1 1 T
5862 1 1 C
5865 1 0 .
5872 1 1 A
5877 1 0 .
5886 0 0 .
5891 1 0 .
5902 5 0 .
5910 1 1 T
5916 1 1 C
5918 8 0 .
5931 1 1 A
5934 0 0 .
5939 1 1 T
5946 8 0 .
5958 0 0 .
5965 1 1 A
5969 1 1 T
5979 0 0 .
5986 1 1 A
5989 0 0 .
6002 1 1 C
6007 1 1 T
6019 1 1 G
6021 1 1 C
6026 1 0 .
6036 1 1 A
6039 0 0 .
6045 0 0 .
6050 1 1 A
6065 6 0 .
6077 7 0 .
6087 1 1 T
6090 1 1 C
6095 1 1 C
6098 8 0 .
6107 1 1 G
6113 0 0 .
6116 1 1 C
6120 1 1 C
6126 1 1 G
6132 1 1 C
6134 0 0 .
6144 1 1 G
6150 0 0 .
6157 1 1 C
6162 1 1 C
6167 1 1 C
6170 0 0 .
6177 1 1 T
6179 1 1 T
6186 1 1 G
6189 0 0 .
6194 0 0 .
6199 1 1 C
6201 1 1 C
6204 12 0 .
6219 1 1 A
6224 1 1 A
6227 1 1 G
6233 12 0 .
6250 1 0 .
6260 1 0 .
6267 0 0 .
6273 0 0 .
6280 0 0 .
6289 1 1 C
6296 0 0 .
6298 0 1 A
6300 1 1 T
6306 0 0 .
6308 0 11 TTTGGCTGGAC
6317 0 0 .
6321 1 1 G
6328 0 7 CAGAAGT
6346 1 1 T
6357 6 0 .
6367 1 1 G
6369 0 0 .
6376 0 0 .
6380 4 0 .
6387 11 9 TGCCAGACC
6404 1 1 T
6409 0 0 .
6412 12 4 ATCA
6427 1 1 A
6432 1 1 A
6440 1 1 C
6446 0 0 .
6450 1 0 .
6462 1 1 T
6469 1 0 .
6475 0 7 CAGCCTG
6477 1 1 C
6484 1 0 .
6492 1 1 G
6498 0 0 .
6500 2 0 .
6504 1 1 C
6506 1 1 C
6511 0 1 G
6515 1 0 .
6525 1 1 G
6532 0 0 .
6536 8 0 .
6548 0 0 .
6552 0 0 .
6555 8 0 .
6567 0 0 .
6568 0 0 .
6571 1 1 C
6578 1 0 .
6588 0 5 TTTGA
6602 1 0 .
6613 0 0 .
6618 1 0 .
6629 1 1 A
6631 7 0 .
6641 1 1 G
6643 6 0 .
6651 0 0 .
6653 1 1 T
6657 0 1 C
6661 1 1 G
6663 0 0 .
6667 1 1 T
6674 1 1 T
6677 1 1 A
6683 1 1 T
6686 0 1 C
6691 0 0 .
6697 1 1 T
6700 1 0 .
6718 1 1 A
6723 1 1 T
6729 0 0 .
6732 1 1 A
6735 1 1 G
6741 1 1 G
6744 1 1 C
6751 0 0 .
6758 0 0 .
6772 1 1 T
6778 1 1 T
6785 1 1 A
6788 1 1 T
6795 1 1 T
6800 1 0 .
6803 1 1 G
6810 0 0 .
6813 1 1 G
6816 1 1 T
6822 1 1 A
6827 1 1 T
6831 1 1 T
6842 0 0 .
6859 1 1 T
6862 1 0 .
6874 1 1 C
6877 1 0 .
6892 12 0 .
6906 0 0 .
6908 1 1 T
6911 1 1 G
6918 1 1 T
6922 8 0 .
6933 1 1 C
6940 1 1 A
6942 1 1 C
6947 0 1 C
6949 1 1 G
6952 0 0 .
6957 1 1 G
6960 0 0 .
6964 0 0 .
6967 1 1 G
6971 1 1 T
6982 1 1 C
6985 0 0 .
6991 1 1 T
6994 4 6 TGAGTG
7003 1 1 A
7010 1 1 C
7013 1 1 A
7020 1 1 A
7024 1 1 A
7028 0 0 .
7032 1 0 .
7043 1 1 A
7045 0 0 .
7048 0 0 .
7052 0 0 .
7054 0 0 .
7058 1 1 T
7061 1 1 A
7064 1 1 A
7071 1 1 T
7076 0 0 .
7081 0 0 .
7083 1 1 A
7089 1 1 C
7093 1 1 T
7099 1 1 A
7102 1 1 A
7104 1 0 .
7116 0 0 .
7127 4 0 .
7141 1 1 G
7147 0 0 .
7159 10 0 .
7174 0 0 .
7186 1 0 .
7195 1 1 G
7202 1 1 A
7208 1 1 A
7212 1 1 C
7219 1 1 A
7224 1 1 G
7227 1 1 T
7230 1 1 A
7232 0 0 .
7235 1 1 G
7238 1 1 A
7243 1 1 C
7248 1 1 A
7250 0 0 .
7257 0 0 .
7266 1 1 T
7269 1 1 C
7271 0 1 A
7276 1 1 G
7282 0 1 G
7284 1 1 C
7289 1 1 G
7296 1 0 .
7304 0 7 CAACCTG
7309 1 1 A
7312 3 0 .
7318 5 3 TTT
7325 0 0 .
7331 1 0 .
7335 0 0 .
7339 1 0 .
7351 1 1 G
7357 1 1 T
7359 1 1 G
7366 1 1 A
7372 0 0 .
7376 0 0 .
7387 1 1 A
7394 1 1 G
7398 1 1 A
7402 0 0 .
7406 1 1 T
7412 1 1 G
7414 1 0 .
7420 1 1 T
7427 1 1 C
7437 1 1 A
7444 0 0 .
7448 1 1 T
7458 1 1 T
7466 0 0 .
7468 0 0 .
7474 0 0 .
7478 10 8 CAGACCCA
7491 0 0 .
7497 1 1 T
7501 1 1 C
7507 1 1 A
7509 0 0 .
7515 0 0 .
7521 1 0 .
7525 1 1 C
7530 0 0 .
7535 0 0 .
7538 1 1 A
7542 1 1 C
7549 1 1 G
7554 1 1 A
7556 0 0 .
7559 1 1 T
7564 1 1 G
7570 1 1 T
7575 0 0 .
7581 0 0 .
7588 1 1 A
7592 0 0 .
7597 1 1 G
7601 1 1 C
7608 0 0 .
7616 1 1 C
7622 5 12 ATGCTCTGTCTA
7632 1 1 A
7639 1 1 G
7649 1 1 A
7653 1 1 G
7658 1 1 G
7662 1 0 .
7674 0 0 .
7678 1 1 G
7681 1 1 C
7683 0 0 .
7688 1 1 C
7690 1 1 A
7696 0 0 .
7698 1 1 A
7701 1 1 A
7704 1 0 .
7709 1 1 A
7713 1 1 G
7716 0 0 .
7718 1 1 G
7721 0 0 .
7728 0 0 .
7732 0 0 .
7734 1 1 C
7738 0 0 .
7744 0 0 .
7751 1 1 T
7758 0 7 CACGCTG
7763 1 1 T
7780 1 1 G
7783 0 0 .
7790 0 0 .
7798 6 6 CTAGAG
7808 1 1 G
7814 0 0 .
7817 5 12 GGTCGTGAGTTC
7828 0 0 .
7830 5 0 .
7838 0 0 .
7841 0 0 .
7848 1 1 T
7851 2 0 .
7859 0 0 .
7864 0 0 .
7867 1 1 T
7871 1 1 C
7874 1 1 G
7877 0 0 .
7879 0 0 .
7881 1 1 G
7887 9 0 .
7898 1 0 .
7905 5 10 CGACGATCAC
7916 0 0 .
7922 1 0 .
7934 1 0 .
7943 0 1 C
7945 11 0 .
7958 1 1 A
7970 0 0 .
7988 3 0 .
7995 0 1 C
7997 1 1 G
8000 1 1 A
8003 0 0 .
8010 0 0 .
8012 1 1 G
8019 0 0 .
8025 0 0 .
8036 1 1 A
8040 1 1 C
8045 1 1 T
8052 1 1 T
8058 0 0 .
8070 4 4 ATTT
8077 0 0 .
8093 1 1 A
8099 0 0 .
8105 0 1 G
8109 10 0 .
8121 1 1 G
8127 0 11 GACCACTCTAT
8133 7 0 .
8145 0 0 .
8152 0 0 .
8162 0 0 .
8167 0 0 .
8170 6 3 CCG
8182 0 1 G
8186 1 1 G
8191 1 0 .
8207 1 0 .
8219 1 1 C
8226 1 1 G
8232 0 3 CTT
8237 1 1 A
8240 1 1 G
8246 1 1 A
8248 1 1 C
8255 0 0 .
8260 0 7 TGATGGC
8263 1 1 G
8268 0 0 .
8274 1 1 G
8278 1 1 C
8285 2 0 .
8292 1 1 C
8294 0 0 .
8298 1 0 .
8306 1 0 .
8315 1 1 T
8319 0 0 .
8326 1 1 C
8333 1 1 A
8337 0 0 .
8346 1 1 T
8350 1 1 G
8356 1 1 C
8363 0 0 .
8369 1 1 C
8387 4 11 TTACTCGTTCG
8392 1 1 A
8394 1 1 C
8401 0 0 .
8408 1 1 G
8412 0 0 .
8414 1 1 T
8417 1 1 T
8421 1 1 C
8425 1 1 T
8432 0 4 ACTC
8436 1 1 G
8440 1 1 C
8444 0 1 T
8448 0 0 .
8456 0 0 .
8465 0 1 G
8470 0 0 .
8474 1 1 C
8476 1 1 T
8481 9 9 CCGAGCTTT
8494 1 1 T
8499 1 1 T
8502 1 1 T
8515 0 0 .
8516 0 0 .
8519 1 1 A
8525 0 2 AC
8530 1 1 G
8535 1 1 A
8538 1 1 G
8554 0 0 .
8558 1 1 G
8573 1 1 A
8578 0 0 .
8580 1 1 A
8583 1 1 G
8587 1 1 A
8589 0 5 GTATG
8594 1 1 T
8608 0 0 .
8614 1 1 T
8616 1 1 A
8621 0 0 .
8624 1 0 .
8639 1 1 C
8643 1 1 C
8657 1 1 G
8663 1 1 T
8670 1 1 G
8676 0 0 .
8691 0 0 .
8694 0 0 .
8697 8 0 .
8711 0 0 .
8717 0 0 .
8722 3 10 AGGCAACTGA
8728 0 0 .
8741 0 0 .
8745 1 1 A
8761 4 6 GTTCTC
8768 0 0 .
8770 1 1 A
8775 1 1 G
8780 1 1 A
8786 1 1 G
8800 1 1 C
8806 1 1 A
8812 1 1 A
8818 2 3 CAG
8826 0 0 .
8833 1 1 G
8839 0 0 .
8844 0 0 .
8850 1 1 T
8853 1 1 G
8858 0 0 .
8863 1 1 G
8866 10 0 .
8882 0 0 .
8895 0 0 .
8900 1 1 G
8903 0 8 ACAGCGAC
8904 11 9 TGCATCACT
8918 1 1 C
8921 0 0 .
8929 11 0 .
8943 1 1 T
8948 1 1 T
8951 1 0 .
8958 0 0 .
8967 0 0 .
8971 0 0 .
8977 7 0 .
8985 0 0 .
8987 10 10 GCAAGGGTCT
9003 1 1 C
9010 1 1 G
9016 1 1 C
9023 1 1 C
9028 0 0 .
9032 0 0 .
9038 0 0 .
9043 1 1 T
9050 0 12 ATAGAAGCATTT
9051 1 1 A
9058 1 1 A
9069 0 0 .
9072 1 1 G
9078 1 1 C
9083 1 2 CT
9090 1 1 T
9103 1 0 .
9112 1 0 .
9125 1 1 G
9132 0 0 .
9137 1 1 C
9141 0 0 .
9148 6 0 .
9157 1 1 C
9163 0 0 .
9165 0 0 .
9167 1 1 C
9170 1 1 C
9176 1 1 C
9187 1 1 A
9190 1 1 G
9194 1 1 C
9199 1 1 T
9204 0 1 C
9208 1 1 G
9212 1 1 G
9219 1 1 T
9225 0 0 .
9236 1 1 A
9238 1 1 C
9241 1 1 G
9248 0 0 .
9253 1 1 A
9258 0 1 C
9263 1 1 C
9270 1 1 G
9275 0 0 .
9277 1 1 G
9279 0 0 .
9285 0 0 .
9287 5 0 .
9293 1 1 C
9295 1 1 C
9297 0 0 .
9308 1 1 C
9310 7 0 .
9321 1 0 .
9332 1 1 G
9337 1 1 C
9344 1 0 .
9357 0 0 .
9361 7 0 .
9372 1 1 C
9385 1 1 A
9390 1 0 .
9396 1 1 G
9402 1 1 T
9405 0 0 .
9409 1 1 T
9413 1 1 G
9415 0 0 .
9420 1 1 A
9426 1 1 A
9429 1 1 C
9436 7 0 .
9444 0 0 .
9456 1 1 C
9459 0 0 .
9464 1 0 .
9467 1 1 A
9473 1 1 C
9479 0 0 .
9481 0 0 .
9491 1 1 C
9498 0 0 .
9502 1 1 G
9509 1 1 C
9515 1 1 G
9517 0 1 G
9523 1 1 C
9525 1 1 T
9531 1 0 .
9535 1 1 C
9541 1 1 A
9543 0 0 .
9550 1 1 T
9556 0 10 GTGCCAGCAC
9567 1 1 A
9574 1 1 A
9578 1 1 C
9581 0 0 .
9588 0 0 .
9592 1 1 G
9594 0 0 .
9608 1 1 G
9618 0 0 .
9623 0 0 .
9627 0 9 GGGGACTAT
9630 1 1 T
9634 0 0 .
9637 0 0 .
9643 0 0 .
9645 1 1 A
9647 0 0 .
9651 1 1 G
9655 1 0 .
9663 0 0 .
9668 1 1 C
9671 1 1 A
9673 1 1 A
9678 0 0 .
9684 1 1 C
9691 0 0 .
9699 0 0 .
9705 8 3 GAG
9719 1 1 A
9722 1 1 G
9725 1 0 .
9735 1 1 T
9742 0 0 .
9748 0 0 .
9752 1 0 .
9760 1 1 A
9764 0 0 .
9768 0 0 .
9773 1 1 G
9775 0 0 .
9781 0 5 TTTTG
9785 0 0 .
9787 1 1 G
9793 1 1 A
9800 1 1 G
9802 0 1 T
9805 0 0 .
9807 7 0 .
9819 3 5 GCGAA
9823 0 0 .
9825 1 1 T
9829 1 1 A
9833 0 0 .
9837 1 1 A
9844 1 1 T
9850 1 1 A
9856 5 11 CACGTTACATA
9863 1 1 T
9873 1 1 C
9875 0 0 .
9879 1 1 T
9891 10 0 .
9902 1 1 G
9920 1 1 A
9926 11 0 .
9939 6 7 CCTTACT
9947 1 1 C
9954 1 1 A
9956 1 1 C
